# Expected format:
# [srcNode] [dstNode] [capacity] [linkQuality] [fee] [MaxAcceptedHTLCs] [HTLCMinimumMsat] [ChannelReserveSatoshis] [delay (ms)] 
0 1 10 0.1 1 483 0.1 0.01 100
1 0 10 0.1 1 483 0.1 0.01 100
0 2 10 0.1 1 483 0.1 0.01 100
2 0 10 0.1 1 483 0.1 0.01 100
1 2 10 0.1 1 483 0.1 0.01 100
2 1 10 0.1 1 483 0.1 0.01 100
1 4 10 0.1 1 483 0.1 0.01 100
4 1 10 0.1 1 483 0.1 0.01 100
3 4 10 0.1 1 483 0.1 0.01 100
4 3 10 0.1 1 483 0.1 0.01 100
4 5 10 0.1 1 483 0.1 0.01 100
5 4 10 0.1 1 483 0.1 0.01 100
