0 1 7.419157921232271 0.1330393936182518 2.7739349698677764e-05 483 0.1 0.01 100
0 2 8.69073502276103 0.3876927203492784 9.402393596900418e-05 483 0.1 0.01 100
1 2 1.9081716167180252 0.5608434210387926 1.527007512743236e-05 483 0.1 0.01 100
1 0 0.3713779609512591 0.9282117144706723 6.52419417176289e-05 483 0.1 0.01 100
1 3 4.038728438710452 0.045550248150138306 8.74649535597522e-05 483 0.1 0.01 100
1 6 6.394333338002456 0.9386988350009514 8.068891833137882e-05 483 0.1 0.01 100
1 7 5.48779030112899 0.45057968250577285 2.5263694006802268e-05 483 0.1 0.01 100
2 0 7.368332433770233 0.0251087018611883 3.5122177812904415e-05 483 0.1 0.01 100
2 1 5.140922735682562 0.784265570045003 9.702635910540478e-05 483 0.1 0.01 100
2 5 1.6637800758778754 0.9603656458885076 3.564145125375144e-05 483 0.1 0.01 100
2 9 4.289086090484814 0.30958340301969145 1.9999336862572758e-05 483 0.1 0.01 100
3 1 3.075973742047596 0.9463063513263472 6.898296926550736e-05 483 0.1 0.01 100
3 4 5.850598402036356 0.6094319062280181 4.503673116871721e-05 483 0.1 0.01 100
3 8 7.707908077701081 0.9251545417651473 2.4120257324014703e-05 483 0.1 0.01 100
4 3 5.482191786898259 0.7424953676984536 4.448415406475003e-05 483 0.1 0.01 100
5 2 9.199078057707972 0.1427598124658841 3.953355221831597e-05 483 0.1 0.01 100
6 1 4.741963526063841 0.7384160593051916 4.902705709595711e-05 483 0.1 0.01 100
7 1 6.268651890129636 0.5326044776755833 9.712267233166245e-05 483 0.1 0.01 100
8 3 7.2642529200092545 0.43602469196196625 6.135856065346817e-05 483 0.1 0.01 100
9 2 8.487215262473217 0.9786072072859646 3.81722018549377e-05 483 0.1 0.01 100
