0 1 4.9253098801524455 0.42152263086498254 5.530495534097483e-05 483 0.1 0.01 100
0 2 1.1245691036934502 0.18033825677059745 8.963988330149952e-05 483 0.1 0.01 100
1 2 5.463963909585722 0.343643507488399 1.1178360391360249e-05 483 0.1 0.01 100
1 3 0.8553122469551244 0.2062664419135566 5.240397019356717e-05 483 0.1 0.01 100
1 5 5.5648495894344405 0.3358583932559972 1.5241894835472204e-05 483 0.1 0.01 100
1 0 8.41852813719916 0.15674018408186585 9.820249658398168e-05 483 0.1 0.01 100
2 0 6.966030984547418 0.17492643697744192 1.0991036750073024e-05 483 0.1 0.01 100
2 6 8.97007740220694 0.6809817455062904 8.477999676106511e-05 483 0.1 0.01 100
2 8 3.3057111726531527 0.18188277586263946 7.22269885265005e-05 483 0.1 0.01 100
2 1 3.3891072588941618 0.9490288608276963 4.7486643525957815e-05 483 0.1 0.01 100
2 9 2.002296032069244 0.1535849541129457 9.602794723392702e-05 483 0.1 0.01 100
3 1 9.203289603895124 0.3471195249414347 4.236574178005892e-05 483 0.1 0.01 100
3 4 9.773466874576833 0.9484629284920989 1.1007315839872829e-05 483 0.1 0.01 100
4 3 6.904844352442202 0.8962059946457697 7.427250090438023e-05 483 0.1 0.01 100
4 7 7.581278621316972 0.5819922866287279 9.138570426871436e-05 483 0.1 0.01 100
5 1 8.330818998771969 0.8099603022737449 4.3922464962469186e-05 483 0.1 0.01 100
6 2 9.989011117659063 0.9468808522578261 8.691752391936873e-05 483 0.1 0.01 100
7 4 5.196301149711976 0.113100955082992 4.0014645431909274e-05 483 0.1 0.01 100
8 2 0.036707835003797484 0.2063177572115127 1.2363941325274942e-05 483 0.1 0.01 100
9 2 4.741829496870248 0.8884299854617194 8.213596092964288e-05 483 0.1 0.01 100
