6 3 0.7127547086684618 30
9 3 0.6056805240703543 51
3 6 3.6269660565414523 93
3 9 1.6702929845913723 100
9 6 2.978420389229731 109
5 6 4.930897876268979 197
3 6 0.7547526514269636 215
5 6 3.4146930563204108 262
5 3 3.0888407973725824 264
9 5 1.6381575174947862 276
6 5 4.433950743967431 311
9 3 4.172208048207313 445
6 9 1.3003248192157637 445
9 5 0.6173552413628173 465
6 5 2.6364847120340666 501
9 3 4.292894145533201 525
5 9 2.729969360987499 598
6 3 3.10908810140899 599
6 3 2.2340885815296763 810
9 6 4.188704058962924 819
5 3 4.138014310893529 874
6 3 4.643774737812127 920
3 5 2.850654280306629 973
5 6 3.7031950645642815 1059
3 9 1.97516127902352 1155
6 5 2.540531965426918 1185
5 6 4.274860726971655 1300
6 3 1.8290922289599783 1425
3 9 3.784583614515195 1447
9 5 1.090508494543832 1547
5 9 4.6079508262384525 1686
3 5 3.4978675824473173 1705
6 5 0.8139091655795078 1782
5 6 2.990945747876453 1832
3 6 1.0973503491631686 1860
5 3 2.929698499767057 1951
9 6 3.5840735500953973 1966
9 6 0.6666286815196344 1966
3 5 3.027315085253896 1997
9 6 1.234490227022607 2007
5 3 2.9301590919876572 2108
5 6 1.209718435587399 2148
5 9 2.3577292420922955 2149
3 6 1.7038418986501442 2174
3 6 1.776814019525221 2233
5 3 3.086568305000091 2266
9 3 0.31012565020235355 2279
9 3 0.5747999888237217 2330
9 3 0.36923478849426694 2350
3 6 4.161085742110567 2368
9 6 2.696953647791253 2387
3 5 1.294898233201148 2490
6 9 3.4261301587215662 2544
5 3 2.620033337321138 2565
3 5 3.4476993320572378 2583
3 9 3.1390388434488457 2588
6 5 0.6801776074852286 2600
6 3 2.3402744009850633 2770
9 3 1.0142442415917432 2899
9 6 2.6437468093177 2983
9 3 0.44902778788674635 3001
6 9 3.5919637768074284 3074
3 5 4.421450075191702 3177
3 9 3.4680924570875353 3213
3 6 3.9035299625078985 3310
6 3 1.7378711742602868 3320
5 6 2.1586572938846054 3406
5 3 2.0858106967091876 3461
3 9 4.414994596957246 3506
5 9 2.825277172088252 3681
3 5 4.475430167600377 3685
6 5 3.2081607880049114 3761
9 5 1.700752664282974 3786
3 6 3.315031950700416 3798
6 5 2.7175546032083275 3930
6 9 0.7597281326910482 3982
6 3 3.0271345017270246 4000
5 3 1.3454306594663779 4075
6 3 1.2755391815036528 4077
3 6 4.6852712378195935 4081
6 5 2.414492257912218 4126
3 5 4.997538230406519 4176
9 3 2.3458108756641853 4268
6 5 3.974415914814707 4322
9 5 1.5095085363517082 4373
9 5 2.4888360148435122 4411
9 6 3.1412005565288905 4467
5 9 1.6307090996673035 4514
3 6 2.154100159761393 4543
9 5 2.2062175173298972 4568
6 9 3.4165059988384803 4672
5 3 4.3595419271836695 4748
9 3 3.6759490736841696 4749
5 6 2.692370880957163 4819
6 5 0.6482152978764034 4901
6 3 0.34033672473316523 4929
5 9 2.84442239449482 4938
3 9 3.2445801678717157 4957
6 3 0.3334732558015042 4962
6 3 0.5021171784001485 4969
